1 2 3 4 5 6 7 8

1 2 5 3 7 8 6 4
			x  
1 2 5 3 7 8 4 6 +1
          x
1 2 5 3 7 4 8 6 +1

1 2 5 3 7 4 6 8 +1
 
1 2 5 3 7 4 6 8 
        x
1 2 5 3 4 7 6 8 +1

1 2 5 3 4 6 7 8 +1
	  x
1 2 5 3 4 6 7 8 
    x
1 2 3 5 4 6 7 8 +1

1 2 3 4 5 6 7 8 +1

total = 7


1 2 3 4 5

2 1 5 3 4
	  x	
2 1 5 3 4 
	x
2 1 3 5 4 +1

2 1 3 4 5 +1

2 1 3 4 5
  x

2 1 3 4 5
x

1 2 3 4 5 +1

total = 3


1 2 3 4 5

2 5 1 3 4
      x  
2 5 1 3 4 
    x
2 5 1 3 4
  x
2 1 5 3 4 +1

2 1 3 5 4 +1

2 1 3 4 5 +1

2 1 3 4 5
x

1 2 3 4 5 +1

total = 4



